01, 01, 1482,
01, 02, 1213,
01, 03, 1220,
01, 04, 1319,
01, 05, 1262,
01, 06, 1271,
01, 07, 1355,
01, 08, 1219,
01, 09, 1253,
01, 10, 1339,
01, 11, 1293,
01, 12, 1295,
01, 13, 1296,
01, 14, 1333,
01, 15, 1409,
01, 16, 1330,
01, 17, 1286,
01, 18, 1268,
01, 19, 1336,
01, 20, 1422,
01, 21, 1318,
01, 22, 1302,
01, 23, 1296,
01, 24, 1226,
01, 25, 1298,
01, 26, 1241,
01, 27, 1289,
01, 28, 1284,
01, 29, 1313,
01, 30, 1280,
01, 31, 1207,
02, 01, 1379,
02, 02, 1404,
02, 03, 1329,
02, 04, 1292,
02, 05, 1326,
02, 06, 1295,
02, 07, 1253,
02, 08, 1252,
02, 09, 1231,
02, 10, 1287,
02, 11, 1305,
02, 12, 1320,
02, 13, 1266,
02, 14, 1353,
02, 15, 1307,
02, 16, 1258,
02, 17, 1284,
02, 18, 1306,
02, 19, 1340,
02, 20, 1364,
02, 21, 1233,
02, 22, 1238,
02, 23, 1289,
02, 24, 1330,
02, 25, 1270,
02, 26, 1288,
02, 27, 1310,
02, 28, 1319,
02, 29, 325,
03, 01, 1428,
03, 02, 1313,
03, 03, 1371,
03, 04, 1318,
03, 05, 1262,
03, 06, 1318,
03, 07, 1322,
03, 08, 1345,
03, 09, 1256,
03, 10, 1363,
03, 11, 1267,
03, 12, 1262,
03, 13, 1307,
03, 14, 1278,
03, 15, 1292,
03, 16, 1300,
03, 17, 1196,
03, 18, 1244,
03, 19, 1282,
03, 20, 1323,
03, 21, 1344,
03, 22, 1232,
03, 23, 1306,
03, 24, 1292,
03, 25, 1350,
03, 26, 1243,
03, 27, 1216,
03, 28, 1269,
03, 29, 1262,
03, 30, 1175,
03, 31, 1204,
04, 01, 1321,
04, 02, 1292,
04, 03, 1310,
04, 04, 1386,
04, 05, 1272,
04, 06, 1256,
04, 07, 1270,
04, 08, 1284,
04, 09, 1244,
04, 10, 1246,
04, 11, 1272,
04, 12, 1313,
04, 13, 1219,
04, 14, 1234,
04, 15, 1321,
04, 16, 1279,
04, 17, 1210,
04, 18, 1279,
04, 19, 1248,
04, 20, 1248,
04, 21, 1200,
04, 22, 1188,
04, 23, 1212,
04, 24, 1254,
04, 25, 1177,
04, 26, 1241,
04, 27, 1134,
04, 28, 1248,
04, 29, 1249,
04, 30, 1234,
05, 01, 1296,
05, 02, 1281,
05, 03, 1306,
05, 04, 1292,
05, 05, 1308,
05, 06, 1258,
05, 07, 1228,
05, 08, 1266,
05, 09, 1179,
05, 10, 1316,
05, 11, 1194,
05, 12, 1246,
05, 13, 1280,
05, 14, 1223,
05, 15, 1400,
05, 16, 1255,
05, 17, 1247,
05, 18, 1247,
05, 19, 1276,
05, 20, 1350,
05, 21, 1324,
05, 22, 1298,
05, 23, 1237,
05, 24, 1212,
05, 25, 1303,
05, 26, 1286,
05, 27, 1256,
05, 28, 1226,
05, 29, 1261,
05, 30, 1240,
05, 31, 1197,
06, 01, 1388,
06, 02, 1352,
06, 03, 1308,
06, 04, 1330,
06, 05, 1286,
06, 06, 1308,
06, 07, 1302,
06, 08, 1248,
06, 09, 1241,
06, 10, 1275,
06, 11, 1266,
06, 12, 1217,
06, 13, 1232,
06, 14, 1226,
06, 15, 1371,
06, 16, 1212,
06, 17, 1239,
06, 18, 1282,
06, 19, 1317,
06, 20, 1336,
06, 21, 1294,
06, 22, 1260,
06, 23, 1313,
06, 24, 1301,
06, 25, 1247,
06, 26, 1276,
06, 27, 1315,
06, 28, 1338,
06, 29, 1344,
06, 30, 1365,
07, 01, 1444,
07, 02, 1344,
07, 03, 1323,
07, 04, 1265,
07, 05, 1270,
07, 06, 1381,
07, 07, 1463,
07, 08, 1342,
07, 09, 1351,
07, 10, 1402,
07, 11, 1310,
07, 12, 1338,
07, 13, 1365,
07, 14, 1376,
07, 15, 1429,
07, 16, 1343,
07, 17, 1423,
07, 18, 1278,
07, 19, 1349,
07, 20, 1412,
07, 21, 1332,
07, 22, 1331,
07, 23, 1346,
07, 24, 1367,
07, 25, 1368,
07, 26, 1302,
07, 27, 1380,
07, 28, 1394,
07, 29, 1370,
07, 30, 1353,
07, 31, 1397,
08, 01, 1462,
08, 02, 1349,
08, 03, 1362,
08, 04, 1395,
08, 05, 1299,
08, 06, 1371,
08, 07, 1412,
08, 08, 1473,
08, 09, 1370,
08, 10, 1433,
08, 11, 1380,
08, 12, 1479,
08, 13, 1309,
08, 14, 1353,
08, 15, 1559,
08, 16, 1381,
08, 17, 1345,
08, 18, 1358,
08, 19, 1368,
08, 20, 1436,
08, 21, 1362,
08, 22, 1376,
08, 23, 1371,
08, 24, 1389,
08, 25, 1402,
08, 26, 1395,
08, 27, 1327,
08, 28, 1404,
08, 29, 1391,
08, 30, 1308,
08, 31, 1361,
09, 01, 1389,
09, 02, 1339,
09, 03, 1381,
09, 04, 1314,
09, 05, 1434,
09, 06, 1353,
09, 07, 1310,
09, 08, 1367,
09, 09, 1383,
09, 10, 1409,
09, 11, 1366,
09, 12, 1373,
09, 13, 1320,
09, 14, 1385,
09, 15, 1522,
09, 16, 1432,
09, 17, 1429,
09, 18, 1418,
09, 19, 1442,
09, 20, 1435,
09, 21, 1492,
09, 22, 1482,
09, 23, 1419,
09, 24, 1397,
09, 25, 1395,
09, 26, 1445,
09, 27, 1430,
09, 28, 1484,
09, 29, 1422,
09, 30, 1345,
10, 01, 1470,
10, 02, 1414,
10, 03, 1435,
10, 04, 1447,
10, 05, 1450,
10, 06, 1357,
10, 07, 1357,
10, 08, 1432,
10, 09, 1430,
10, 10, 1466,
10, 11, 1290,
10, 12, 1384,
10, 13, 1357,
10, 14, 1315,
10, 15, 1425,
10, 16, 1340,
10, 17, 1305,
10, 18, 1328,
10, 19, 1335,
10, 20, 1380,
10, 21, 1322,
10, 22, 1274,
10, 23, 1323,
10, 24, 1278,
10, 25, 1241,
10, 26, 1290,
10, 27, 1280,
10, 28, 1335,
10, 29, 1259,
10, 30, 1264,
10, 31, 1291,
11, 01, 1412,
11, 02, 1278,
11, 03, 1331,
11, 04, 1359,
11, 05, 1254,
11, 06, 1311,
11, 07, 1244,
11, 08, 1224,
11, 09, 1307,
11, 10, 1340,
11, 11, 1339,
11, 12, 1350,
11, 13, 1286,
11, 14, 1278,
11, 15, 1395,
11, 16, 1311,
11, 17, 1327,
11, 18, 1278,
11, 19, 1281,
11, 20, 1352,
11, 21, 1244,
11, 22, 1297,
11, 23, 1260,
11, 24, 1238,
11, 25, 1290,
11, 26, 1237,
11, 27, 1243,
11, 28, 1313,
11, 29, 1273,
11, 30, 1288,
12, 01, 1350,
12, 02, 1305,
12, 03, 1286,
12, 04, 1377,
12, 05, 1310,
12, 06, 1359,
12, 07, 1305,
12, 08, 1289,
12, 09, 1290,
12, 10, 1320,
12, 11, 1259,
12, 12, 1404,
12, 13, 1339,
12, 14, 1270,
12, 15, 1380,
12, 16, 1279,
12, 17, 1314,
12, 18, 1352,
12, 19, 1254,
12, 20, 1292,
12, 21, 1218,
12, 22, 1333,
12, 23, 1179,
12, 24, 1193,
12, 25, 1216,
12, 26, 1126,
12, 27, 1256,
12, 28, 1426,
12, 29, 1332,
12, 30, 1355,
12, 31, 1352,
